1049

6 321 30 
16 303 114 
19 330 92 
27 289 26 
28 110 27 
30 73 42 
34 229 28 
35 111 108 
36 170 58 
37 134 123 
41 26 131 
52 290 17 
58 60 159 
71 207 23 
81 272 156 
85 273 78 
86 346 31 
88 320 99 
89 216 44 
92 7 37 
103 117 136 
121 18 47 
124 122 142 
128 192 155 
147 186 100 
153 68 44 
154 23 23 
156 96 23 
157 193 36 
159 223 37 
165 280 109 
166 47 113 
169 39 66 
182 209 30 
183 101 14 
195 155 92 
197 129 85 
198 191 15 
201 181 38 
203 98 52 
206 169 75 
209 317 15 
210 349 120 
217 179 24 
221 224 99 
224 25 86 
225 338 53 
226 305 42 
228 257 62 
229 276 159 
239 125 107 
240 322 19 
241 61 67 
245 297 77 
248 54 53 
249 118 101 
250 160 35 
251 141 98 
252 145 12 
253 309 200 
257 148 34 
262 167 134 
263 359 95 
265 135 35 
266 158 66 
267 348 75 
271 173 160 
279 10 5 
283 352 58 
284 180 128 
287 247 48 
289 45 75 
301 313 104 
307 230 78 
314 325 45 
316 43 95 
317 115 37 
323 28 119 
324 52 82 
331 40 18 
340 20 181 
347 152 64 
361 130 32 
363 175 39 
370 185 59 
372 58 79 
374 56 20 
375 127 59 
376 296 153 
387 99 90 
389 55 75 
390 27 120 
395 328 9 
404 105 83 
411 71 112 
417 51 113 
420 333 96 
421 151 103 
423 337 64 
427 176 69 
440 5 124 
447 64 63 
449 24 120 
465 79 37 
466 31 31 
468 162 71 
477 1 62 
478 306 73 
485 240 50 
489 215 13 
490 89 33 
493 159 16 
494 146 49 
497 0 37 
506 196 140 
509 264 134 
510 278 94 
512 292 143 
514 219 22 
518 131 133 
519 358 42 
520 210 102 
525 13 48 
528 270 25 
538 357 127 
554 57 97 
560 239 116 
568 90 24 
574 238 31 
576 275 77 
580 15 39 
582 4 24 
592 271 18 
599 252 67 
600 106 86 
606 103 40 
610 205 115 
612 331 78 
613 85 42 
615 140 49 
624 258 134 
626 294 124 
633 265 98 
634 336 45 
635 315 101 
639 323 48 
644 268 52 
645 154 29 
649 311 125 
651 74 66 
669 178 145 
672 200 47 
676 284 42 
678 242 51 
679 225 65 
680 266 44 
681 133 63 
687 95 94 
692 213 91 
710 177 101 
730 195 143 
734 182 69 
735 41 88 
739 253 37 
750 227 119 
751 91 92 
770 109 41 
772 171 57 
774 217 132 
778 344 27 
779 81 78 
782 137 62 
786 112 80 
790 194 151 
793 76 63 
16 487 198 12 
779 561 136 7 
103 29 147 9 
36 42 114 44 
135 298 19 32 
135 566 9 31 
180 14 285 48 
182 192 208 33 
624 216 308 28 
229 631 75 43 
229 659 334 37 
251 272 256 45 
301 302 343 11 
307 308 234 38 
340 631 75 19 
387 391 206 37 
440 473 168 32 
447 448 166 34 
477 398 70 15 
520 637 241 14 
568 567 187 25 
790 366 232 27 
17 18 314 34 
229 18 314 30 
124 707 86 39 
35 484 277 31 
103 105 30 13 
786 787 11 34 
166 164 94 37 
166 167 144 47 
210 212 237 30 
221 223 318 15 
262 259 302 37 
735 736 92 12 
284 288 286 25 
289 288 286 29 
485 487 198 38 
340 646 48 3 
626 589 319 5 
786 413 83 20 
449 448 166 34 
468 464 62 45 
490 491 16 32 
340 631 491 16 11 
497 495 244 50 
525 523 203 44 
626 628 312 2 
672 300 188 67 15 
36 39 38 291 13 
681 60 18 314 31 
651 652 655 332 19 
16 524 250 37 
786 38 291 42 
121 787 11 47 
253 744 56 329 25 
786 744 56 329 19 
147 174 220 45 
525 54 353 34 
466 467 80 6 
224 222 197 30 
224 220 222 197 9 
248 247 139 8 
128 261 260 53 43 
156 132 736 92 18 
485 484 277 41 
283 281 69 46 
283 334 113 4 
284 286 288 286 12 
786 744 325 44 2 
340 342 211 19 
361 360 21 5 
361 698 324 39 
613 413 83 5 
449 171 299 7 
135 130 150 120 36 
263 353 399 161 22 
494 495 244 5 
249 242 281 69 5 
519 517 59 43 
266 522 524 250 9 
772 773 597 72 16 
639 637 241 50 
635 638 637 241 34 
660 727 340 26 
692 141 251 4 
750 65 114 63 5 
790 788 222 45 
440 2 45 121 30 
241 243 705 34 32 
750 740 754 263 12 
692 234 663 561 136 10 
301 231 57 123 1 
317 261 260 53 5 
680 662 473 168 1 
509 507 311 189 27 
610 666 524 250 9 
520 661 677 40 97 19 
778 776 333 163 4 
6 380 283 29 
27 707 86 40 
37 40 97 12 
41 40 97 8 
41 42 114 28 
47 83 157 17 
624 623 77 20 
449 143 293 47 
159 160 261 8 
732 733 591 46 20 
390 64 99 138 9 
681 467 80 25 
211 213 221 35 
520 661 216 308 5 
543 62 79 116 34 
245 247 139 1 
262 470 142 30 
263 736 92 6 
267 484 277 8 
626 625 124 30 
376 351 123 122 78 1 
324 325 44 10 
615 15 325 44 22 
293 328 42 33 
317 318 37 42 
376 351 294 333 163 23 
340 481 35 48 
485 233 369 143 3 
390 64 665 707 86 13 
28 658 419 128 12 
417 25 335 31 
316 132 413 83 11 
316 132 736 92 5 
506 190 149 7 
512 281 69 2 
240 230 787 11 28 
241 230 787 11 5 
774 773 597 72 26 
606 605 255 14 
389 388 470 142 28 
494 453 622 327 17 
635 636 637 241 2 
293 292 398 70 18 
692 694 218 44 
774 114 63 37 
390 64 557 288 23 
560 540 557 288 13 
635 540 557 288 10 
289 285 433 248 6 
37 39 38 291 15 
676 46 141 251 21 
378 335 705 34 15 
649 455 454 14 285 31 
750 740 190 149 9 
279 235 797 66 13 
692 234 235 797 66 29 
421 354 799 797 66 7 
423 60 18 314 16 
710 231 57 123 22 
266 608 605 255 15 
626 326 146 304 24 
772 439 443 307 20 
307 309 308 234 30 
449 675 745 744 325 44 14 
423 355 424 426 165 22 
81 742 462 451 487 198 5 
514 664 380 283 21 
376 351 67 57 123 25 
680 662 666 524 250 1 
639 640 163 282 10 
574 581 545 585 298 36 
600 602 233 369 143 10 
580 7 38 31 
17 561 136 41 
37 39 42 114 2 
58 83 157 48 
626 73 84 11 
85 312 6 48 
88 90 341 6 
128 443 307 22 
128 623 77 2 
135 56 329 21 
790 164 94 28 
465 467 80 23 
468 467 80 36 
210 213 221 3 
271 222 197 17 
293 172 235 16 
225 380 283 19 
245 246 93 1 
262 260 53 25 
390 589 319 29 
423 736 92 32 
440 443 307 26 
489 491 16 17 
518 105 30 4 
554 555 107 13 
466 663 561 136 19 
560 562 347 17 
316 458 622 327 17 
576 458 622 327 13 
287 457 637 241 20 
449 280 281 69 29 
669 668 228 41 
166 168 94 249 8 
612 95 94 249 11 
730 727 340 34 
751 174 220 15 
6 64 557 288 3 
509 320 101 183 12 
30 32 29 147 39 
253 117 628 312 1 
626 625 628 312 10 
331 332 403 339 2 
81 84 80 354 6 
58 59 586 14 285 3 
180 273 334 113 27 
195 196 194 12 3 
340 338 342 211 11 
241 230 126 33 13 
293 295 172 235 2 
262 544 551 146 304 3 
263 741 744 325 44 15 
750 741 744 325 44 8 
417 416 413 83 24 
427 428 426 165 32 
447 546 38 291 13 
543 541 491 16 9 
790 396 565 274 32 
635 540 57 123 14 
635 43 44 188 29 
660 384 413 83 23 
6 64 61 118 442 14 2 
58 59 586 585 298 10 
201 131 137 132 736 92 12 
626 629 625 628 312 12 
390 386 388 470 142 10 
790 396 424 426 165 3 
6 7 38 22 
16 18 314 45 
30 29 147 20 
477 684 300 35 
71 73 84 8 
538 83 157 10 
89 90 341 21 
124 513 108 30 
128 661 216 308 27 
692 234 223 318 5 
271 222 223 318 20 
203 207 79 116 9 
466 663 79 116 2 
314 312 6 40 
314 310 311 189 3 
314 313 2 4 
314 310 487 198 6 
635 294 333 163 5 
372 369 143 8 
375 377 8 26 
390 391 206 6 
580 419 128 27 
417 413 83 35 
249 1 464 62 6 
378 352 44 188 37 
512 513 108 31 
525 524 250 19 
710 231 232 561 136 16 
599 597 72 7 
613 607 100 39 
229 638 637 241 2 
528 457 637 241 3 
669 290 666 637 241 4 
635 655 332 50 
644 281 69 8 
651 655 332 11 
660 381 231 31 
135 139 219 398 70 12 
687 714 132 38 
692 693 695 226 8 
734 736 92 43 
732 733 736 92 8 
778 281 69 4 
16 320 101 183 13 
224 547 604 164 12 
30 349 566 9 7 
626 629 628 312 21 
135 771 481 35 6 
19 4 2 45 121 5 
52 53 51 65 5 
206 632 631 630 245 1 
71 72 70 199 30 
423 60 413 83 9 
103 104 105 30 4 
554 454 14 285 7 
293 299 668 228 48 
378 335 334 113 9 
494 453 589 319 4 
440 441 443 307 13 
266 522 523 203 35 
420 422 326 146 304 13 
16 320 321 325 44 1 
387 661 216 308 5 
669 541 491 16 28 
538 537 536 281 3 
390 386 24 25 335 2 
317 261 15 325 44 20 
317 261 15 464 62 15 
750 741 744 403 339 24 
209 137 132 736 92 4 
257 531 5 754 263 9 
262 544 551 141 251 7 
669 290 663 79 116 23 
363 364 123 122 78 18 
447 546 232 407 345 2 
485 488 486 487 198 21 
560 559 63 90 341 18 
651 784 23 21 82 31 
6 64 61 50 757 755 351 6 
600 602 233 230 126 33 3 
600 602 233 526 524 250 21 
30 684 300 31 
36 40 97 27 
37 42 114 49 
81 80 354 19 
81 176 104 29 
649 455 754 263 4 
58 59 143 293 1 
147 146 304 9 
411 412 295 39 
518 54 353 29 
221 222 223 318 6 
440 247 139 43 
265 302 343 23 
271 270 272 256 11 
316 487 198 10 
440 294 333 163 2 
387 388 391 206 29 
390 385 391 206 41 
390 419 128 20 
520 787 11 1 
266 522 527 301 1 
560 559 561 136 6 
266 608 607 100 22 
669 259 302 43 
681 684 300 3 
692 695 226 17 
710 712 310 50 
35 733 736 92 9 
92 310 487 198 14 
293 292 524 250 1 
47 46 146 304 3 
206 632 630 245 18 
635 691 689 243 22 
293 292 75 287 3 
85 319 318 37 4 
387 661 366 232 20 
417 415 414 413 83 9 
121 119 120 344 50 24 
197 343 344 50 25 
615 134 170 190 16 
750 65 740 190 149 9 
128 745 740 190 149 22 
676 675 745 740 190 149 8 
494 453 192 208 4 
485 148 146 304 8 
284 286 288 589 319 12 
672 674 657 77 204 1 
253 254 161 119 31 
420 500 129 17 9 
81 742 462 451 474 342 19 
560 759 761 246 16 
510 507 311 189 3 
135 549 621 523 203 5 
568 569 567 187 4 
751 503 502 172 235 20 
58 59 586 584 262 1 
692 664 24 25 335 10 
19 463 15 464 62 9 
81 742 462 451 469 470 142 1 
676 675 745 744 403 339 8 
651 653 656 652 655 332 26 
128 742 744 403 339 14 
229 139 132 747 88 4 
229 139 136 161 119 33 
543 542 572 571 326 18 
257 531 5 2 45 121 2 
600 602 233 43 44 188 2 
71 70 199 28 
135 143 293 24 
790 164 167 144 1 
195 194 12 26 
203 663 79 116 13 
203 204 207 79 116 3 
239 237 212 12 
239 434 29 36 
249 246 93 50 
361 362 201 13 
372 373 369 143 8 
376 377 8 14 
411 173 36 18 
465 464 62 34 
478 747 88 43 
676 44 188 13 
147 149 527 301 5 
568 569 570 260 4 
610 470 142 21 
612 298 19 26 
626 302 343 36 
86 63 90 341 6 
751 231 94 249 14 
35 733 231 94 249 10 
779 56 329 31 
782 783 156 23 
599 486 487 198 12 
135 138 524 250 14 
680 744 403 339 2 
774 775 40 97 10 
169 665 712 310 20 
739 667 665 712 310 8 
449 358 352 394 630 245 28 
449 232 407 345 26 
710 232 407 345 20 
35 733 231 232 407 345 1 
71 72 73 84 6 
404 691 689 243 26 
651 653 656 655 332 14 
739 667 661 366 232 20 
92 357 434 29 17 
253 117 344 50 23 
135 130 143 293 4 
390 132 747 88 2 
135 134 170 190 7 
786 335 334 113 15 
147 148 146 304 23 
147 149 146 304 12 
166 168 167 144 1 
421 354 419 128 13 
266 522 526 524 250 5 
248 587 589 319 28 
543 62 77 204 1 
687 686 170 190 10 
680 662 513 108 4 
289 285 288 737 184 16 
440 294 51 65 19 
649 550 646 48 14 
518 516 604 164 12 
554 454 38 291 23 
606 608 607 100 3 
224 219 398 399 161 9 
778 776 777 126 33 1 
92 357 295 172 235 10 
363 364 102 311 189 6 
135 549 542 572 571 326 7 
229 549 542 572 571 326 9 
88 768 767 769 45 121 9 
669 290 63 90 341 16 
437 436 164 167 144 3 
635 540 551 141 251 4 
195 48 50 757 755 351 12 
198 199 66 629 628 312 20 
198 199 66 713 714 132 6 
37 38 291 41 
52 51 65 13 
88 754 263 3 
124 126 33 10 
159 161 119 28 
169 591 46 35 
209 467 80 8 
224 223 318 4 
249 247 139 10 
293 325 44 26 
314 311 189 46 
370 369 143 27 
376 501 254 12 
389 391 206 10 
466 464 62 11 
505 369 143 14 
538 539 536 281 23 
568 570 260 9 
576 578 153 10 
606 607 100 5 
615 109 316 21 
626 622 327 28 
633 90 341 5 
645 191 236 7 
687 94 249 26 
514 455 754 263 10 
249 1 31 464 62 6 
17 234 570 260 6 
19 4 55 172 1 
660 381 487 198 11 
739 667 110 174 11 
599 598 597 72 25 
692 664 42 114 12 
376 345 788 222 19 
478 529 712 310 16 
395 394 630 245 6 
103 379 75 287 3 
651 653 654 655 332 3 
651 656 655 332 14 
135 133 162 233 5 
543 196 194 12 13 
672 674 723 49 8 
195 670 562 347 14 
518 54 56 329 14 
525 522 526 524 250 8 
262 260 787 11 4 
263 353 355 311 189 17 
262 544 541 412 295 5 
692 694 695 226 1 
421 354 357 295 172 235 8 
30 32 31 29 147 10 
209 137 131 213 221 12 
209 137 131 213 221 8 
262 544 541 491 56 329 1 
600 601 603 190 149 3 
639 112 113 110 174 12 
692 664 665 712 310 14 
135 450 456 336 631 630 245 8 
257 531 5 2 98 94 249 5 
36 38 291 11 
41 38 291 4 
81 83 157 42 
128 129 17 17 
165 167 144 14 
180 99 138 8 
224 172 235 16 
228 444 32 49 
239 79 116 2 
248 246 93 25 
293 126 33 48 
293 312 6 8 
440 442 14 22 
478 399 161 20 
525 527 301 16 
538 536 281 25 
592 591 46 6 
633 90 754 263 29 
30 31 464 62 7 
651 656 18 314 10 
612 611 111 102 18 
182 713 714 132 19 
293 294 51 65 5 
195 3 700 698 324 5 
314 685 628 312 15 
47 711 712 310 2 
229 549 630 245 26 
417 715 630 245 25 
676 675 213 221 8 
135 131 213 221 19 
210 212 213 221 2 
680 662 141 251 14 
135 134 668 228 9 
576 458 453 192 208 23 
211 291 313 2 2 
135 130 149 146 304 3 
263 721 723 49 29 
195 48 49 126 9 
262 260 259 302 13 
347 238 237 212 7 
423 60 562 347 14 
772 48 49 126 10 
166 358 355 311 189 17 
372 356 646 48 26 
624 707 706 355 2 
16 0 23 21 82 5 
660 670 562 347 9 
734 637 171 299 3 
363 364 102 101 183 1 
347 348 295 172 235 2 
751 383 382 783 156 9 
509 792 791 584 262 9 
543 588 31 29 147 7 
543 588 31 464 62 3 
672 32 31 464 62 7 
774 775 62 77 204 2 
512 541 491 56 329 3 
635 540 57 246 93 3 
751 383 382 714 132 3 
730 725 667 110 174 19 
750 741 740 83 157 12 
195 3 2 98 94 249 5 
634 61 50 757 470 142 6 
790 396 424 355 311 189 5 
135 450 456 336 631 328 42 8 
34 455 754 263 1 
17 234 714 132 8 
249 1 110 174 32 
159 161 160 261 1 
615 549 630 245 2 
679 84 80 354 8 
751 749 75 287 11 
421 354 799 798 214 9 
92 91 93 659 334 6 
512 745 530 105 30 7 
347 348 295 344 50 21 
135 130 141 251 1 
420 500 501 254 18 
600 603 190 149 14 
519 189 190 149 17 
262 544 578 153 4 
135 450 313 2 9 
576 458 79 116 4 
681 683 684 300 9 
180 178 187 202 31 
600 349 566 9 26 
599 486 484 277 4 
195 3 48 49 126 20 
301 300 188 67 19 
372 356 188 67 10 
679 356 188 67 1 
316 315 327 350 7 
447 546 684 300 7 
543 546 684 300 8 
681 682 684 300 12 
505 662 141 251 15 
560 759 562 347 7 
525 522 526 524 523 203 2 
615 549 616 279 4 
633 595 98 94 249 3 
639 112 110 174 9 
135 134 22 21 82 7 
679 76 77 204 30 
376 59 586 584 262 13 
634 61 64 564 356 8 
634 61 64 564 356 11 
249 242 26 25 335 3 
52 743 469 470 142 8 
103 462 451 469 470 142 9 
58 408 409 407 345 17 
423 60 65 111 102 5 
649 550 544 578 153 1 
347 348 295 172 170 190 9 
710 368 142 143 293 16 
710 368 142 658 419 128 3 
750 741 666 432 259 302 5 
257 583 754 263 11 
774 773 111 102 8 
19 4 51 65 18 
633 595 698 324 17 
224 547 433 248 7 
30 33 191 236 9 
37 39 40 97 13 
58 57 246 93 17 
772 439 442 14 4 
389 391 407 345 28 
81 82 80 354 12 
411 292 75 287 22 
437 499 501 254 24 
692 177 179 419 128 3 
543 551 658 419 128 20 
284 142 658 419 128 4 
195 3 723 49 13 
518 54 55 172 1 
293 294 787 11 33 
35 733 231 443 307 23 
166 358 441 443 307 4 
512 745 795 448 166 13 
253 117 49 126 7 
257 583 49 126 26 
340 356 188 67 2 
404 450 313 2 11 
420 422 326 327 350 1 
626 549 616 279 19 
554 556 555 107 14 
128 66 713 714 132 15 
786 335 336 470 142 34 
92 91 292 75 287 6 
580 453 192 191 236 1 
645 642 234 714 132 1 
774 114 65 111 102 2 
271 270 472 470 142 5 
790 396 565 564 356 1 
417 415 414 413 754 263 21 
477 479 413 754 263 2 
421 354 357 434 433 248 4 
340 356 430 185 150 17 
506 488 486 484 277 17 
543 666 432 259 302 2 
293 290 666 432 259 302 3 
751 503 502 55 172 3 
774 775 62 566 9 4 
645 642 234 275 237 212 5 
249 1 290 666 432 259 302 3 
560 759 762 64 95 94 249 1 
372 373 5 2 586 584 262 11 
124 125 126 33 30 
672 32 125 126 33 8 
37 39 40 42 114 4 
560 759 760 269 9 
85 292 75 287 7 
610 337 798 214 21 
103 104 106 105 30 1 
229 139 501 254 4 
633 139 501 254 18 
477 603 190 149 10 
505 603 190 149 8 
147 144 146 304 20 
293 326 327 350 1 
417 415 414 557 288 3 
574 53 51 65 8 
263 721 722 723 49 4 
639 112 111 102 1 
660 381 171 299 8 
660 384 75 287 14 
660 662 187 202 20 
512 745 675 213 221 9 
317 193 192 191 236 2 
660 665 453 192 191 236 2 
203 204 690 689 243 6 
206 205 208 694 695 226 9 
525 522 694 695 226 8 
257 531 532 798 214 7 
301 300 708 706 355 8 
19 463 15 261 259 302 3 
372 373 5 445 446 267 12 
778 776 60 235 578 153 6 
660 742 13 332 403 339 13 
520 1 290 666 432 259 302 9 
786 335 705 703 172 170 190 1 
574 581 579 702 705 703 172 170 190 2 
600 547 433 248 17 
649 547 433 248 20 
128 66 126 33 26 
510 66 126 33 12 
71 70 73 84 1 
121 120 344 50 4 
135 235 578 153 16 
201 54 55 172 5 
576 3 700 56 329 6 
228 432 259 302 7 
166 358 359 444 32 12 
323 343 344 50 5 
224 415 414 557 288 4 
582 583 49 126 14 
525 522 526 527 301 3 
512 541 544 578 153 6 
512 541 544 578 153 5 
135 134 556 555 107 4 
554 553 94 249 5 
660 617 616 279 1 
19 4 569 570 260 13 
437 357 434 433 248 14 
634 357 434 433 248 4 
687 688 429 433 248 3 
372 373 5 442 14 16 
135 137 214 78 79 116 3 
734 130 326 327 350 5 
229 352 356 430 185 150 1 
687 688 686 170 190 28 
645 642 234 275 274 3 14 
649 550 230 335 705 703 172 170 190 1 
267 5 442 14 7 
81 82 760 269 38 
512 745 798 214 9 
16 0 12 14 285 6 
166 358 359 56 329 2 
203 663 73 84 8 
221 62 566 9 19 
224 223 797 66 10 
613 231 484 277 11 
404 450 344 50 18 
447 353 355 311 313 2 5 
660 742 55 172 11 
103 462 742 55 172 22 
543 583 49 126 2 
506 488 484 277 18 
543 583 162 233 27 
554 552 555 107 3 
687 663 73 84 3 
635 2 586 566 9 13 
135 134 556 566 9 4 
554 552 556 566 9 14 
47 711 712 783 156 8 
660 665 712 783 156 1 
576 3 184 186 185 150 14 
206 205 97 94 249 6 
203 204 690 162 233 1 
135 134 757 570 260 10 
612 611 149 146 304 4 
639 112 113 111 102 3 
626 549 630 631 328 42 5 
687 688 429 433 760 269 2 
477 479 413 414 557 288 4 
477 335 705 703 172 170 190 5 
363 364 704 703 172 170 190 4 
372 371 351 67 185 150 15 
576 3 48 50 757 570 260 1 
6 7 754 263 8 
88 745 798 214 18 
147 145 146 304 6 
293 312 311 313 2 5 
447 82 760 269 9 
518 759 760 269 24 
512 648 646 48 3 
510 66 629 524 523 203 3 
387 388 66 629 524 523 203 1 
347 348 295 566 9 7 
301 545 540 556 566 9 1 
751 383 384 75 287 5 
610 337 697 698 324 1 
770 204 690 162 233 2 
249 247 757 570 260 23 
135 137 214 78 79 622 327 1 
103 462 742 13 12 14 285 4 
633 139 13 12 14 285 21 
626 549 630 631 491 56 329 3 
201 200 56 329 9 
574 573 237 212 6 
774 358 359 56 329 5 
209 467 524 523 203 11 
592 593 591 46 2 
710 711 712 783 156 16 
615 457 454 712 783 156 5 
165 168 310 313 2 7 
751 383 384 534 328 42 2 
376 345 697 698 324 9 
267 5 445 444 32 5 
390 132 747 746 22 9 
518 759 762 761 246 12 
251 61 64 762 761 246 1 
251 61 64 762 761 246 9 
135 134 424 396 565 564 356 1 
301 545 540 556 566 564 356 5 
554 553 556 566 564 356 17 
225 380 381 171 299 5 
263 422 617 616 279 9 
518 516 326 327 350 7 
543 575 573 237 212 7 
633 139 13 11 87 4 
81 176 312 311 313 2 6 
370 371 351 67 185 150 2 
447 117 49 126 2 
58 57 67 185 150 16 
478 740 534 328 42 2 
427 424 396 565 564 356 4 
679 84 719 55 172 5 
624 112 113 111 102 15 
128 13 10 11 87 4 
19 4 487 310 313 2 5 
253 743 469 162 233 11 
680 744 160 311 313 2 5 
58 57 273 275 274 3 4 
506 488 487 310 313 2 4 
778 776 777 742 13 10 11 87 7 
660 0 12 11 87 10 
633 595 310 313 2 6 
427 424 312 311 313 2 3 
135 134 139 13 10 11 87 1 
505 603 190 187 202 2 
387 388 66 713 110 111 102 1 
774 358 74 75 171 299 5 
404 450 334 273 275 274 3 13 
710 368 701 68 113 111 102 6 
613 231 234 714 382 564 356 3 
427 424 312 313 2 4 
478 740 748 746 22 14 
301 545 747 746 22 18 
672 32 188 187 202 6 
229 352 356 188 187 202 6 
135 235 234 714 382 564 356 14 
88 745 740 748 746 22 13 
543 588 397 326 327 350 1 
267 5 445 444 446 267 7 
88 745 798 797 66 11 
331 401 326 327 350 3 
678 745 798 797 66 6 
85 292 312 313 77 204 8 
615 457 532 798 797 66 2 
248 587 589 798 797 66 1 
477 479 413 414 557 558 259 8 
287 288 589 798 797 66 9 
376 345 697 698 362 201 6 
301 545 697 698 362 201 12 
253 743 469 162 163 282 3 
301 545 697 698 362 360 21 3 
248 587 545 697 698 362 360 21 1 
